x = []
x = 1:100